0,448
0,445
0,467
0,444
0,443
312,35
0,442
0,441
0,428
0,401
295,1
8,11
295,0
294,3
8,2
8,3
294,2
294,1
294,0
293,7
293,6
293,5
293,4
293,3
293,2
293,1
293,0
292,4
292,3
292,2
292,1
292,0
290,5
290,4
290,3
290,2
290,1
290,0
12,2
12,1
289,4
289,3
289,2
289,1
289,0
288,4
288,3
12,3
288,2
288,1
288,0
287,4
287,3
287,2
287,1
287,0
286,3
286,2
286,1
286,0
285,4
285,3
285,2
285,1
285,0
284,4
284,3
284,2
284,1
284,0
282,5
282,4
282,3
282,2
282,1
282,0
281,6
281,5
281,4
281,3
20,2
20,1
281,2
281,1
281,0
280,6
280,5
280,4
280,3
20,3
280,2
280,1
280,0
279,4
279,3
279,2
279,1
279,0
278,3
19,2
278,2
19,1
278,1
278,0
277,4
277,3
19,3
277,2
277,1
277,0
276,4
276,3
276,2
276,1
276,0
275,4
275,3
275,2
275,1
275,0
274,3
274,2
274,1
274,0
273,4
273,3
18,1
273,2
273,1
273,0
272,5
272,4
272,3
18,3
14,1
272,2
272,1
272,0
271,3
14,6
14,3
13,1
271,2
271,1
271,0
270,6
270,5
270,4
270,3
13,3
270,2
270,1
270,0
269,5
269,4
269,3
269,2
269,1
269,0
268,6
268,5
268,4
268,3
