714,49
714,48
714,47
714,46
714,45
714,44
714,43
714,42
714,41
714,40
714,39
714,38
714,37
714,36
714,35
14,4
0,273
0,270
10,290
10,286
10,226
10,134
10,114
10,174
10,152
10,256
11,18
11,20
11,26
11,4
11,8
11,14
9,4
9,6
9,2
8,17
8,13
8,4
8,14
8,2
8,3
12,2
12,1
12,3
696,7
696,6
696,5
696,4
696,3
696,2
696,1
696,0
679,4
679,3
679,2
679,1
679,0
677,3
677,2
677,1
677,0
676,4
676,3
676,2
676,1
676,0
675,5
675,4
675,3
675,2
675,1
675,0
673,5
673,4
673,3
673,2
673,1
673,0
672,6
672,5
672,4
672,3
672,2
672,1
672,0
671,5
671,4
671,3
671,2
671,1
671,0
670,4
670,3
670,2
670,1
670,0
669,5
669,4
669,3
669,2
669,1
669,0
668,4
668,3
18,1
668,2
18,3
668,1
667,3
667,1
666,3
666,1
665,3
665,1
664,3
664,1
663,3
663,1
662,4
662,3
662,1
661,3
661,1
645,5
645,4
